Peaks (s)
436.000000
1293.000000
2157.000000
3020.000000
3885.000000
4764.000000
5609.000000
6406.000000
7198.000000
7985.000000
8790.000000
9616.000000
10476.000000
11375.000000
12295.000000
13201.000000
14087.000000
14967.000000
15801.000000
16580.000000
17346.000000
18109.000000
18894.000000
19698.000000
20535.000000
21392.000000
22282.000000
23145.000000
23958.000000
24728.000000
25485.000000
26235.000000
27000.000000
27792.000000
28592.000000
29398.000000
30227.000000
31049.000000
31832.000000
32599.000000
33349.000000
34090.000000
34843.000000
35627.000000
36419.000000
37217.000000
38029.000000
38814.000000
39576.000000
40319.000000
41055.000000
41800.000000
42566.000000
43342.000000
44117.000000
44905.000000
45704.000000
46475.000000
47249.000000
47997.000000
48738.000000
49482.000000
50247.000000
51037.000000
51823.000000
52626.000000
53438.000000
54242.000000
55012.000000
55765.000000
56510.000000
57257.000000
58021.000000
58813.000000
59635.000000
60500.000000
61373.000000
62208.000000
62985.000000
63750.000000
64507.000000
65275.000000
66053.000000
66840.000000
67630.000000
68445.000000
69234.000000
70001.000000
70750.000000
71492.000000
72232.000000
72998.000000
73788.000000
74597.000000
75416.000000
76226.000000
77002.000000
77760.000000
78504.000000
79244.000000
80002.000000
80771.000000
81542.000000
82331.000000
83134.000000
83955.000000
84760.000000
85535.000000
86288.000000
87031.000000
87785.000000
88565.000000
89364.000000
90176.000000
90982.000000
91780.000000
92580.000000
93356.000000
94109.000000
94844.000000
95575.000000
96330.000000
97116.000000
97930.000000
98744.000000
99582.000000
100419.000000
101227.000000
102010.000000
102777.000000
103524.000000
104271.000000
105015.000000
105774.000000
106554.000000
107328.000000
108132.000000
108918.000000
109676.000000
110412.000000
111140.000000
111857.000000
112567.000000
113306.000000
114058.000000
114824.000000
115601.000000
116363.000000
117111.000000
117832.000000
118538.000000
119236.000000
119939.000000
120657.000000
121377.000000
122116.000000
122861.000000
123589.000000
124308.000000
125016.000000
125709.000000
126395.000000
127087.000000
127799.000000
128520.000000
129252.000000
129988.000000
130723.000000
131442.000000
132140.000000
132830.000000
133513.000000
134202.000000
134912.000000
135639.000000
136373.000000
137113.000000
137861.000000
138606.000000
139316.000000
140016.000000
140706.000000
141403.000000
142108.000000
142816.000000
143536.000000
144270.000000
145010.000000
145728.000000
146432.000000
147126.000000
147808.000000
148500.000000
149204.000000
149921.000000
150646.000000
151376.000000
152095.000000
152799.000000
153492.000000
154175.000000
154850.000000
155551.000000
156271.000000
157007.000000
157746.000000
158486.000000
159202.000000
159898.000000
160583.000000
161252.000000
161937.000000
162671.000000
163441.000000
164197.000000
164967.000000
165725.000000
166455.000000
167178.000000
167898.000000
168609.000000
169331.000000
170075.000000
170845.000000
171626.000000
172382.000000
173112.000000
173827.000000
174532.000000
175241.000000
175969.000000
176715.000000
177478.000000
178253.000000
179042.000000
179797.000000
180522.000000
181233.000000
181943.000000
182663.000000
183421.000000
184202.000000
184999.000000
185787.000000
186567.000000
187318.000000
188045.000000
188761.000000
189477.000000
190216.000000
190983.000000
191766.000000
192545.000000
193295.000000
194024.000000
194747.000000
195471.000000
196202.000000
196933.000000
197679.000000
198437.000000
199179.000000
199900.000000
200607.000000
201310.000000
202015.000000
202718.000000
203425.000000
204133.000000
204850.000000
205546.000000
206231.000000
206910.000000
207583.000000
208260.000000
208943.000000
209643.000000
210349.000000
211068.000000
211778.000000
212472.000000
213159.000000
213843.000000
214534.000000
215230.000000
215921.000000
216620.000000
217320.000000
218017.000000
218700.000000
219378.000000
220050.000000
220726.000000
221415.000000
222111.000000
222828.000000
223574.000000
224347.000000
225121.000000
225848.000000
226557.000000
227256.000000
227958.000000
228679.000000
229411.000000
230167.000000
230948.000000
231719.000000
232464.000000
233187.000000
233900.000000
234613.000000
235350.000000
236101.000000
236863.000000
237636.000000
238427.000000
239181.000000
239914.000000
240644.000000
241373.000000
242103.000000
242852.000000
243606.000000
244378.000000
245154.000000
245918.000000
246651.000000
247375.000000
248092.000000
248810.000000
249541.000000
250276.000000
251024.000000
251781.000000
252547.000000
253292.000000
254008.000000
254722.000000
255433.000000
256153.000000
256877.000000
257605.000000
258339.000000
259074.000000
259802.000000
260508.000000
261209.000000
261905.000000
262602.000000
263310.000000
264033.000000
264780.000000
265531.000000
266268.000000
266983.000000
267692.000000
268399.000000
269104.000000
269815.000000
270516.000000
271220.000000
271934.000000
272651.000000
273349.000000
274035.000000
274722.000000
275406.000000
276093.000000
276799.000000
277511.000000
278235.000000
278971.000000
279713.000000
280440.000000
281144.000000
281844.000000
282534.000000
283232.000000
283932.000000
284647.000000
285373.000000
286099.000000
286807.000000
287509.000000
288211.000000
288934.000000
289664.000000
290415.000000
291179.000000
291940.000000
292673.000000
293389.000000
294094.000000
294799.000000
295514.000000
296234.000000
296950.000000
297638.000000
298323.000000
299005.000000
299682.000000
300360.000000
301040.000000
301737.000000
302442.000000
303161.000000
303888.000000
304614.000000
305336.000000
306035.000000
306731.000000
307429.000000
308134.000000
308860.000000
309602.000000
310371.000000
311170.000000
311921.000000
312649.000000
313374.000000
314107.000000
314853.000000
315607.000000
316365.000000
317131.000000
317879.000000
318600.000000
319318.000000
320036.000000
320771.000000
321511.000000
322266.000000
323039.000000
323811.000000
324543.000000
325266.000000
325989.000000
326733.000000
327488.000000
328244.000000
329018.000000
329808.000000
330571.000000
331317.000000
332048.000000
332784.000000
333531.000000
334280.000000
335055.000000
335851.000000
336644.000000
337382.000000
338111.000000
338840.000000
339579.000000
340334.000000
341097.000000
341869.000000
342656.000000
343415.000000
344159.000000
344887.000000
345615.000000
346357.000000
347113.000000
347879.000000
348675.000000
349472.000000
350215.000000
350947.000000
351670.000000
352392.000000
353133.000000
353877.000000
354648.000000
355447.000000
356195.000000
356928.000000
357653.000000
358386.000000
359126.000000
359867.000000
360617.000000
361385.000000
362141.000000
362873.000000
363591.000000
364306.000000
365040.000000
365794.000000
366570.000000
367374.000000
368182.000000
368983.000000
369723.000000
370443.000000
371159.000000
371884.000000
372622.000000
373372.000000
374151.000000
374954.000000
375761.000000
376520.000000
377249.000000
377967.000000
378685.000000
379417.000000
380152.000000
380902.000000
381659.000000
382380.000000
383089.000000
383798.000000
384509.000000
385233.000000
385957.000000
386685.000000
387431.000000
388164.000000
388869.000000
389569.000000
390265.000000
390969.000000
391676.000000
392392.000000
393111.000000
393837.000000
394542.000000
395227.000000
395912.000000
396597.000000
397295.000000
397999.000000
398717.000000
399452.000000
400192.000000
400902.000000
401597.000000
402291.000000
402995.000000
403703.000000
404423.000000
405159.000000
405916.000000
406660.000000
407371.000000
408074.000000
408779.000000
409504.000000
410237.000000
410996.000000
411766.000000
412519.000000
413242.000000
413951.000000
414659.000000
415383.000000
416117.000000
416852.000000
417597.000000
418342.000000
419075.000000
419787.000000
420490.000000
421187.000000
421894.000000
422623.000000
423367.000000
424134.000000
424929.000000
425707.000000
426441.000000
427155.000000
427860.000000
428571.000000
429287.000000
430023.000000
430783.000000
431563.000000
432314.000000
433024.000000
433726.000000
434427.000000
435148.000000
435890.000000
436644.000000
437441.000000
438218.000000
438954.000000
439670.000000
440382.000000
441117.000000
441892.000000
442679.000000
443499.000000
444325.000000
445080.000000
445811.000000
446532.000000
447257.000000
448010.000000
448778.000000
449583.000000
450414.000000
451213.000000
451969.000000
452695.000000
453418.000000
454155.000000
454903.000000
455660.000000
456426.000000
457180.000000
457899.000000
458607.000000
459313.000000
460030.000000
460755.000000
461491.000000
462238.000000
462984.000000
463691.000000
464387.000000
465083.000000
465786.000000
466504.000000
467219.000000
467951.000000
468684.000000
469386.000000
470083.000000
470782.000000
471498.000000
472227.000000
472961.000000
473717.000000
474477.000000
475226.000000
475945.000000
476660.000000
477370.000000
478087.000000
478816.000000
479565.000000
480337.000000
481106.000000
481839.000000
482556.000000
483286.000000
484047.000000
484825.000000
485622.000000
486423.000000
487163.000000
487887.000000
488607.000000
489341.000000
490097.000000
490857.000000
491614.000000
492344.000000
493065.000000
493783.000000
494527.000000
495293.000000
496077.000000
496882.000000
497614.000000
498338.000000
499057.000000
499786.000000
500521.000000
501261.000000
502017.000000
502770.000000
503501.000000
504216.000000
504926.000000
505652.000000
506385.000000
507130.000000
507885.000000
508642.000000
509368.000000
510088.000000
510809.000000
511541.000000
512266.000000
513001.000000
513735.000000
514452.000000
515157.000000
515860.000000
516577.000000
517307.000000
518056.000000
518823.000000
519568.000000
520289.000000
521007.000000
521740.000000
522488.000000
523225.000000
523977.000000
524740.000000
525493.000000
526225.000000
526948.000000
527671.000000
528408.000000
529161.000000
529940.000000
530711.000000
531448.000000
532172.000000
532906.000000
533680.000000
534453.000000
535237.000000
536004.000000
536739.000000
537462.000000
538196.000000
538954.000000
539742.000000
540538.000000
541329.000000
542086.000000
542814.000000
543540.000000
544275.000000
545038.000000
545826.000000
546632.000000
547429.000000
548177.000000
548906.000000
549637.000000
550393.000000
551148.000000
551907.000000
552648.000000
553368.000000
554081.000000
554808.000000
555548.000000
556297.000000
557056.000000
557821.000000
558556.000000
559270.000000
559976.000000
560693.000000
561422.000000
562154.000000
562913.000000
563679.000000
564414.000000
565132.000000
565856.000000
566607.000000
567380.000000
568160.000000
568928.000000
569669.000000
570392.000000
571116.000000
571848.000000
572598.000000
573357.000000
574118.000000
574846.000000
575564.000000
576290.000000
577039.000000
577826.000000
578620.000000
579353.000000
580080.000000
580802.000000
581531.000000
582269.000000
583020.000000
583756.000000
584465.000000
585170.000000
585892.000000
586626.000000
587360.000000
588115.000000
588846.000000
589561.000000
590272.000000
590996.000000
591732.000000
592480.000000
593230.000000
593950.000000
594656.000000
595367.000000
596090.000000
596819.000000
597573.000000
598321.000000
599054.000000
599792.000000
600545.000000
601304.000000
602066.000000
602844.000000
603595.000000
604334.000000
605074.000000
605831.000000
606594.000000
607340.000000
608068.000000
608787.000000
609519.000000
610287.000000
611057.000000
611847.000000
612633.000000
613376.000000
614098.000000
614817.000000
615552.000000
616298.000000
617053.000000
617831.000000
618570.000000
619297.000000
620030.000000
620782.000000
621541.000000
622314.000000
623052.000000
623782.000000
624501.000000
625237.000000
625999.000000
626764.000000
627533.000000
628279.000000
629002.000000
629722.000000
630465.000000
631216.000000
631975.000000
632724.000000
633440.000000
634146.000000
634849.000000
635564.000000
636294.000000
637037.000000
637786.000000
638505.000000
639217.000000
639927.000000
640648.000000
641371.000000
642096.000000
642838.000000
643568.000000
644281.000000
644987.000000
645700.000000
646439.000000
647173.000000
647913.000000
648637.000000
649341.000000
650037.000000
650739.000000
651459.000000
652183.000000
652934.000000
653694.000000
654416.000000
655124.000000
655828.000000
656545.000000
657273.000000
658014.000000
658776.000000
659501.000000
660212.000000
660920.000000
661656.000000
662409.000000
663144.000000
663835.000000
664516.000000
665198.000000
665877.000000
666558.000000
667244.000000
667953.000000
668679.000000
669396.000000
670103.000000
670804.000000
671509.000000
672227.000000
672952.000000
673697.000000
674467.000000
675211.000000
675932.000000
676643.000000
677354.000000
678081.000000
678819.000000
679578.000000
680353.000000
681100.000000
681828.000000
682545.000000
683277.000000
684033.000000
684800.000000
685587.000000
686348.000000
687073.000000
687793.000000
688540.000000
689285.000000
690047.000000
690841.000000
691595.000000
692330.000000
693051.000000
693785.000000
694546.000000
695307.000000
696062.000000
696790.000000
697504.000000
698216.000000
698954.000000
699690.000000
700437.000000
701181.000000
701901.000000
702615.000000
703341.000000
704096.000000
704848.000000
705613.000000
706360.000000
707072.000000
707775.000000
708481.000000
709202.000000
709927.000000
710670.000000
711439.000000
712210.000000
712947.000000
713669.000000
714383.000000
715112.000000
715869.000000
716652.000000
717472.000000
718299.000000
719062.000000
719803.000000
720536.000000
721313.000000
722102.000000
722908.000000
723714.000000
724497.000000
725257.000000
725998.000000
726774.000000
727579.000000
728402.000000
729228.000000
730010.000000
730753.000000
731490.000000
732247.000000
733009.000000
733774.000000
734499.000000
735214.000000
735926.000000
736631.000000
737369.000000
738128.000000
738899.000000
739633.000000
740347.000000
741090.000000
741847.000000
742644.000000
743406.000000
744148.000000
744893.000000
745681.000000
746453.000000
747242.000000
748044.000000
748859.000000
749679.000000
750428.000000
751164.000000
751954.000000
752768.000000
753602.000000
754413.000000
755181.000000
755942.000000
756759.000000
757578.000000
758343.000000
759099.000000
759843.000000
760621.000000
761421.000000
762225.000000
762989.000000
763739.000000
764484.000000
765280.000000
766070.000000
766862.000000
767672.000000
768483.000000
769239.000000
769978.000000
770722.000000
771506.000000
772311.000000
773108.000000
773874.000000
774614.000000
775342.000000
776080.000000
776853.000000
777640.000000
778434.000000
779192.000000
779929.000000
780657.000000
781419.000000
782186.000000
782961.000000
783709.000000
784435.000000
785148.000000
785883.000000
786619.000000
787366.000000
788122.000000
788849.000000
789564.000000
790292.000000
791046.000000
791824.000000
792574.000000
793300.000000
794020.000000
794779.000000
795527.000000
796285.000000
797066.000000
797796.000000
798519.000000
799254.000000
800008.000000
800774.000000
801529.000000
802254.000000
802975.000000
803729.000000
804491.000000
805269.000000
806016.000000
806747.000000
807474.000000
808232.000000
808989.000000
809760.000000
810519.000000
811245.000000
811955.000000
812700.000000
813447.000000
814214.000000
814992.000000
815741.000000
816471.000000
817197.000000
817965.000000
818737.000000
819513.000000
820262.000000
820986.000000
821702.000000
822449.000000
823199.000000
823963.000000
824760.000000
825516.000000
826246.000000
826968.000000
827703.000000
828462.000000
829220.000000
829985.000000
830728.000000
831451.000000
832180.000000
832934.000000
833698.000000
834450.000000
835183.000000
835906.000000
836634.000000
837396.000000
838165.000000
838920.000000
839647.000000
840368.000000
841123.000000
841901.000000
842707.000000
843507.000000
844272.000000
845030.000000
845820.000000
846598.000000
847373.000000
848121.000000
848850.000000
849595.000000
850360.000000
851131.000000
851909.000000
852681.000000
853437.000000
854213.000000
855026.000000
855850.000000
856644.000000
857411.000000
858171.000000
858962.000000
859767.000000
860562.000000
861379.000000
862183.000000
862947.000000
863709.000000
864493.000000
865289.000000
866084.000000
866841.000000
867603.000000
868383.000000
869167.000000
869962.000000
870748.000000
871513.000000
872275.000000
873067.000000
873901.000000
874744.000000
875531.000000
876307.000000
877112.000000
877940.000000
878773.000000
879612.000000
880424.000000
881203.000000
881984.000000
882801.000000
883619.000000
884450.000000
885293.000000
886083.000000
886865.000000
887663.000000
888513.000000
889379.000000
890201.000000
890990.000000
891751.000000
892559.000000
893377.000000
894204.000000
894990.000000
895764.000000
896526.000000
897319.000000
